  let dataBuf0 = [
    -1, -1, 1, 0, 1, 0, 1, 1, -1, -1, -1, 1, 1, 1, 0, 0, 1, 1, -1, -1, 1, 1, 1,
    0, 0, 1, 1, 1, -1, -1, 1, -1, 1, 1, 1, 0, 1, 1, -1, -1, 1, -1, 1, 1, 0, 1,
    1, -1, -1, -1, 1, 1, 1, 0, 1, 1, 1, -1, -1, -1, 1, 1, -1, 1, 0, 1, 1, -1,
    -1, -1, 1, -1, -1, 1, 1, 0, 1, -1, -1, -1, 1, -1, -1, 1, 0, 1, 1, -1, 1, -1,
    -1, -1, -1, 0, 0, 1, -1, -1, 1, -1, -1, 1, -1, 1, 1, 0, 1, -1, 1, -1, 1, 1,
    -1, 1, 0, 1, 1, -1, 1, -1, -1, -1, -1, 1, 0, 1, 1, -1, -1, -1, -1, -1, 1, 0,
    0, 1, 1, -1, -1, -1, -1, 1, 1, 1, 0, 1, 1, -1, -1, -1, -1, 1, -1, 1, 0, 1,
    1, -1, -1, -1, -1, 1, 1, 0, 1, 1, 1, -1, -1, 1, -1, 1, -1, 1, 1, 1, 1, -1,
    -1, 1, 1, 1, -1, 1, 0, 0, 1, -1, -1, 1, 1, 1, 1, 1, 1, 1, 1, -1, -1, 1, -1,
    -1, 1, 0, 0, 1, 1, -1, -1, -1, -1, -1, -1, 0, 1, 0, 1, -1, -1, -1, 1, -1,
    -1, 1, 1, 1, 1, -1, -1, -1, 1, -1, 1, 1, 0, 1, 1, -1, -1, -1,
  ];

  let ind0 = [
    0, 1, 2, 0, 2, 3, 4, 5, 6, 4, 6, 7, 8, 9, 10, 8, 10, 11, 12, 13, 14, 12, 14,
    15, 16, 17, 18, 16, 18, 19, 20, 21, 22, 20, 22, 23,
  ];

  let dataBuf = [
    1, 2, 1, 1, 0, 0, 1, 1, 2, 1, 0, 1, 2, 0, 1, 0, 1, 0, 1, 2, 0, 1, 0, 0, 0,
    1, 1, 0, 1, 0, 2, 1, 0, 0, 1, 0, 1, 2, 1, 0, 2, 1, 2, 1, 0, 0, 1, 2, 1, 2,
    1, 0, 1, 0, 1, 0, 1, 1, 0, 1,
  ];

  let ind = [
    0, 1, 2, 0, 2, 3, 0, 3, 4, 0, 1, 4, 1, 4, 5, 3, 4, 5, 2, 3, 5, 1, 2, 5,
  ];

  let dataBuf1 = [
    1, 2, 1, 1, 1, 0, 1, 1, 2, 1, 0, 0, 0, 0, 1, 1, 1, 0, 0, 0, 2, 0, 0, 1, 0,
    1, 1, 2, 0, 0, 1, 0, 2, 0, 1, 0, 1, 1, 0, 2,
  ];

  let ind1 = [0, 1, 2, 0, 2, 3, 0, 1, 3, 1, 2, 3];

  let dataBuf2 = [
    0, -1, 0, 0, 1, 0, 1, 1, 0, 0, -0.276, -0.447, -0.851, 1, 0, 0, 1, 1, 0, 0,
    0.724, -0.447, -0.526, 1, 1, 0, 1, 1, 0, 0, 0.724, -0.447, 0.526, 1, 0, 0,
    1, -1, 0, 0, -0.276, -0.447, 0.851, 0, 1, 0, 1, -1, 0, 0, -0.894, -0.447, 0,
    1, 1, 0.4, 1, 0, 1, 0, -0.724, 0.447, 0.526, 1, 1, 0.5, 0.4, 0, 1, 0,
    -0.724, 0.447, -0.526, 0, 0, 1, 1, 1, 0, 0, 0.276, 0.447, -0.851, 1, 0, 1,
    1, -1, 0, 0, 0.894, 0.447, 0, 0, 1, 1, 1, -1, 0, 0, 0.276, 0.447, 0.851, 1,
    0, 1, 1, 0, 1, 0, 0, 1, 0, 1, 0.5, 1, 0.3, 0, 1, 0,
  ];

  let ind2 = [
    0, 1, 2, 0, 1, 5, 0, 4, 5, 0, 3, 4, 0, 2, 3, 6, 10, 11, 6, 7, 11, 7, 8, 11,
    8, 9, 11, 9, 10, 11, 2, 3, 9, 1, 2, 8, 1, 5, 7, 4, 5, 6, 3, 4, 10, 4, 6, 10,
    5, 6, 7, 1, 7, 8, 2, 8, 9, 3, 9, 10,
  ];

  let dataBuf3 = [
    0.149, -0.631, -0.459, 0, 1, 0, 1, 1, 0, 0, -0.39, -0.631, -0.284, 1, 0, 0,
    1, 1, 0, 0, -0.39, -0.631, 0.284, 1, 1, 0, 1, 1, 0, 0, 0.149, -0.631, 0.459,
    1, 0, 0, 1, -1, 0, 0, 0.483, -0.631, 0, 0, 1, 0, 1, -1, 0, 0, -0.149, 0.631,
    0.459, 1, 1, 0.4, 1, 0, 1, 0, -0.483, 0.631, 0, 1, 1, 0.5, 0.4, 0, 1, 0,
    -0.149, 0.631, -0.459, 0, 0, 1, 1, 0, 1, 0, 0.39, 0.631, -0.284, 1, 1, 0, 1,
    0, 1, 0, 0.39, 0.631, 0.284, 1, 0, 1, 1, 0, 1, 0, 0.781, -0.149, 0, 1, 1, 0,
    1, 0, 1, 0, 0.241, -0.149, -0.743, 1, 0, 1, 1, 0, 1, 0, -0.631, -0.149,
    -0.459, 0, 1, 0, 1, 0, 1, 0, -0.631, -0.149, 0.459, 1, 1, 0, 1, 0, 1, 0,
    0.241, -0.149, 0.743, 1, 0, 1, 1, 0, 1, 0, -0.241, 0.149, 0.743, 1, 1, 0, 1,
    0, 1, 0, -0.781, 0.149, 0, 0, 1, 1, 1, 0, 1, 0, -0.241, 0.149, -0.743, 1, 0,
    1, 1, 0, 1, 0, 0.631, 0.149, -0.459, 0, 1, 1, 1, 0, 1, 0, 0.631, 0.149,
    0.459, 0, 0, 1, 1, 0, 1, 0,
  ];

  let ind3 = [
    0, 1, 2, 0, 2, 3, 0, 3, 4, 5, 6, 7, 5, 7, 9, 7, 8, 9, 5, 9, 15, 9, 14, 15,
    9, 14, 19, 2, 13, 15, 2, 3, 15, 3, 14, 15, 5, 6, 15, 6, 15, 16, 13, 15, 16,
    3, 4, 14, 4, 14, 19, 4, 10, 19, 1, 2, 13, 1, 12, 13, 12, 13, 16, 7, 8, 17,
    8, 11, 17, 8, 11, 18, 10, 11, 18, 4, 10, 11, 0, 4, 11, 8, 9, 19, 8, 18, 19,
    10, 18, 19, 0, 1, 11, 1, 11, 17, 1, 12, 17, 12, 16, 17, 6, 16, 17, 6, 7, 17,
  ];





      primDraw(
        cube,
        cam1,
        MatrMulMatr(
          MatrMulMatr(
            mat4().MatrTranslate(vec3(-1, 1, 0.5)),
            mat4().setRotate(Math.sin(Date.now() / 2373.0), vec3(1, 1, 1))
          ),
          mat4().MatrScale(vec3(0.5, 0.5, 0.5))
        )
      );
      primDraw(
        tetra,
        cam1,
        mat4().setRotate(Math.sin(Date.now() / 787.0), vec3(2, 4, 3))
      );
      primDraw(
        octa,
        cam1,
        MatrMulMatr(
          mat4().MatrTranslate(vec3(1, 2, 1)),
          mat4().setRotate(Math.sin(Date.now() / 1123.0), vec3(2, 2, 3))
        )
      );
      primDraw(
        icos,
        cam1,
        MatrMulMatr(
          mat4().MatrTranslate(vec3(1, 0.5, 4)),
          mat4().setRotate(Math.sin(Date.now() / 1467.0), vec3(0.5, 1, 1))
        )
      );
      primDraw(
        dode,
        cam1,
        MatrMulMatr(
          mat4().MatrTranslate(vec3(1, 0.5, 4)),
          mat4().setRotate(Math.sin(Date.now() / 1783.0), vec3(0.5, 1, 0))
        )
      );